1 0.706320 0.708798 0.071163 0.205700
1 0.618163 0.779430 0.076474 0.272615
1 0.627987 0.821561 0.087626 0.252788
1 0.771907 0.809789 0.099310 0.254027
1 0.733404 0.781289 0.087095 0.258984
1 0.849708 0.754647 0.079660 0.242875
1 0.876792 0.791822 0.087095 0.267658
0 0.113383 0.742875 0.048327 0.050805
0 0.116304 0.692069 0.042485 0.033457
0 0.193309 0.759603 0.049920 0.044610
0 0.149230 0.671623 0.048858 0.039653
0 0.197026 0.636307 0.048858 0.035936
0 0.230483 0.732962 0.047796 0.055762
2 0.541954 0.664188 0.045141 0.052045
2 0.577005 0.631970 0.033457 0.054523
2 0.597451 0.697646 0.023367 0.079306
2 0.639671 0.642503 0.012215 0.043371
0 0.259692 0.702602 0.043548 0.066914
0 0.256771 0.629492 0.033457 0.044610
0 0.295539 0.669765 0.035582 0.048327
0 0.347318 0.706939 0.047796 0.033457
0 0.320499 0.612763 0.027084 0.038414
0 0.363781 0.639405 0.032926 0.034696
0 0.406267 0.680917 0.044610 0.043371
0 0.428306 0.636927 0.024960 0.044610
0 0.395911 0.586121 0.029209 0.034696
0 0.502390 0.638166 0.018056 0.042131
0 0.063728 0.758364 0.042485 0.029740
3 0.824748 0.630112 0.044610 0.306072
3 0.770579 0.602230 0.039299 0.339529
3 0.682156 0.603470 0.044079 0.245353
