3 0.864023 0.546853 0.058924 0.464336
1 0.918414 0.699301 0.094051 0.344056
1 0.759490 0.730769 0.120680 0.342657
1 0.752125 0.659441 0.060623 0.345455
2 0.772805 0.473427 0.026062 0.079720
2 0.658074 0.536364 0.049292 0.118881
2 0.679887 0.431469 0.046459 0.096503
0 0.539660 0.445455 0.030028 0.065734
2 0.467705 0.507692 0.066289 0.086713
0 0.502266 0.490210 0.028895 0.054545
0 0.450708 0.430070 0.030028 0.068531
0 0.420680 0.502098 0.043626 0.044755
0 0.365156 0.446853 0.048159 0.060140
0 0.332295 0.572028 0.064023 0.064336
0 0.297450 0.610490 0.052125 0.048951
0 0.215297 0.554545 0.060057 0.057343
0 0.189235 0.595804 0.049858 0.039161
0 0.112748 0.527972 0.063456 0.057343
0 0.074788 0.565035 0.052125 0.033566
