1 0.614122 0.717662 0.070349 0.350746
1 0.743616 0.673507 0.060448 0.309701
1 0.794424 0.723259 0.098489 0.304726
2 0.670141 0.720149 0.030224 0.084577
2 0.661021 0.760572 0.063054 0.098259
2 0.810839 0.682214 0.035435 0.073383
2 0.811881 0.741294 0.066701 0.089552
2 0.931996 0.730721 0.070349 0.053483
2 0.940073 0.675995 0.053153 0.068408
3 0.912194 0.624378 0.088067 0.477612
3 0.817613 0.580224 0.089630 0.446517
1 0.554977 0.594527 0.034393 0.251244
1 0.644607 0.608209 0.060448 0.231343
0 0.483325 0.519279 0.023450 0.090796
0 0.435904 0.615672 0.046378 0.049751
0 0.424961 0.573383 0.029703 0.069652
0 0.358260 0.587065 0.029703 0.064677
0 0.382751 0.644900 0.052632 0.055970
0 0.336634 0.518657 0.028140 0.054726
0 0.248306 0.603856 0.049505 0.048507
0 0.279312 0.600746 0.050026 0.057214
0 0.273319 0.533582 0.036998 0.049751
0 0.251172 0.674751 0.059406 0.046020
0 0.240490 0.732587 0.042209 0.044776
0 0.141219 0.599502 0.057322 0.054726
0 0.128713 0.692164 0.054195 0.063433
0 0.083898 0.688433 0.041688 0.070896
