3 0.174627 0.278612 0.078209 0.512195
1 0.402985 0.578799 0.050149 0.410882
0 0.533134 0.422139 0.053731 0.112570
0 0.908955 0.507505 0.071045 0.058161
0 0.739104 0.538462 0.070448 0.078799
0 0.740000 0.500000 0.043582 0.065666
0 0.744478 0.419325 0.017910 0.069418
0 0.765075 0.326454 0.017313 0.071295
0 0.907164 0.459662 0.028060 0.056285
0 0.671045 0.383677 0.032239 0.084428
0 0.678806 0.334897 0.020299 0.088180
1 0.299403 0.581614 0.054328 0.465291
0 0.294925 0.514071 0.060896 0.075047
1 0.217313 0.488743 0.063284 0.320826
0 0.076119 0.519700 0.054328 0.060038
0 0.114328 0.492495 0.066269 0.095685
0 0.114030 0.396811 0.046567 0.058161
